trail	original
457.524	416.444
583.821	3347.663
1726.776	2079.223
39.437	2915.039
1940.462	1950.505
453.878	328.326
1180.078	1305.35
1866.72	1615.104
1229.152	1360.797
1999.372	2507.34
740.244	784.672
1246.492	1249.566
144.778	35.107
6.974	7.176
959.923	1024.811
210.272	556.383
12.908	17.205
653.97	201.295
4.289	4.436
11.477	13.604
6.327	6.193
3.637	3.042
14.537	14.897
19.42	41.057
3.464	0.666
4.054	3.877
130.589	25.537
1.845	2.649
1.769	2.382
64.854	43.978
10.05	12.614
13.393	13.557
24.857	21.174
43.516	40.333
4.881	4.712
1635.377	409.82
894.705	923.373
1209.554	1191.845
23.631	98.329
274.747	142.014
4185.445	4247.328
210.37	58.252
881.686	731.397
161.238	173.382
1343.781	9.529
198.102	845.264
2647.066	2596.562
468.671	385.081
143.647	122.492
4.411	0.161
151.55	462.073
15.983	86.167
492.707	527.114
481.487	421.648
499.091	465.875
432.282	524.039
387.891	439.414
475.47	460.125
443.596	343.038
457.748	457.56
343.302	390.876
364.107	447.854
329.438	457.6
413.808	447.654
524.784	393.662
601.445	586.992
430.457	371.417
439.358	326.887
296.344	295.862
392.804	446.456
545.242	451.328
304.377	357.293
222.2	1007.427
2519.336	1250.507
595.904	1188.045
1136.142	1586.439
1413.504	2780.892
615.678	2231.056
91.294	104.043
4694.427	3393.892
4714.792	4337.626
492.509	264.974
140.625	316.734
326.391	27.627
81.551	82.811
111.524	99.576
171.577	811.937
388.645	120.773
690.099	682.766
87.423	78.329
2075.233	2051.14
138.871	106.031
27.794	32.444
83.849	93.53
171.392	60.166
88.486	83.26
387.391	248.338
638.428	1117.341
77.161	140.882
218.641	392.898
482.828	496.653
269.361	274.519
253.616	128.206
172.928	167.061
376.334	1629.774
7.009	6.147
135.897	122.334
893.114	729.825
4276.637	4366.112
180.667	183.584
1491.391	361.254
1241.133	126.201
3189.914	3103.141
145.159	131.436
172.781	76.373
1808.387	4048.107
940.028	3039.6
97.137	1341.609
139.464	369.037
2262.77	1779.682
348.739	366.02
128.518	108.361
705.884	1555.577
2461.145	2334.046
1296.584	1225.065
3848.29	3448.837
2326.454	2444.816
2258.514	2124.139
3640.146	3708.162
177.621	205.332
768.061	185.373
62.562	142.051
917.271	422.825
199.275	178.971
387.154	387.255
401.91	500.353
331.917	381.94
401.143	291.441
226.085	279.584
31.421	23.912
427.936	423.808
391.253	352.687
257.514	283.688
316.676	346.758
427.742	683.777
34.212	43.84
151.548	123.264
91.044	122.495
24.685	24.76
598.202	171.264
6.177	24.225
575.409	197.949
111.153	29.223
593.329	27.594
728.976	178.196
171.223	820.621
100.639	116.074
198.594	577.634
141.21	38.749
181.298	155.654
120.673	35.521
151.417	583.134
525.734	141.505
127.115	148.052
142.406	119.607
318.898	379.576
96.502	102.554
144.852	119.483
181.196	182.593
125.085	132.089
146.175	161.088
63.572	67.134
306.197	278.732
292.14	501.078
3392.045	3657.465
765.102	781.201
15.729	17.511
21.08	19.177
3465.204	3216.149
523.182	565.261
88.733	81.828
4.269	3.584
3453.917	3288.93
3923.069	3172.968
76.357	73.532
210.409	242.721
69.135	70.884
1.265	43.281
78.393	64.942
67.485	71.881
75.516	71.934
66.806	71.924
74.871	82.39
74.901	69.729
142.017	188.654
27.613	29.01
1.188	1.291
187.567	165.038
315.257	313.859
194.881	262.413
1.254	1.08
1.275	1.261
10.924	13.756
49.898	48.765
1.188	1.299
18.423	18.204
0.898	0.936
0.407	0.401
35.659	33.278
1.737	1.668
6.569	5.865
3.737	3.721
0.965	1.072
82.779	131.704
419.995	422.976
1979.201	2180.464
1772.177	2133.045
136.383	116.242
1172.173	1208.459
660.332	543.987
113.261	96.948
1501.084	1845.716
732.694	666.668
205.103	207.754
1414.658	1444.226
4380.653	4424.642
308.526	278.545
238.605	243.781
508.411	493.619
4314.44	4814.405
230.162	237.814
1113.525	1069.737
4288.602	4070.876
1970.002	2001.66
1038.214	960.875
1238.062	1082.393
215.801	209.007
575.488	518.356
1404.417	1399.422
1421.37	1509.389
1290.937	215.676
1.419	1.36
1133.373	1208.525
4.113	4.272
61.332	59.805
198.803	1112.518
3.608	3.425
367.071	1863.537
21.105	70.453
1.366	1.511
202.428	223.439
1.269	1.157
9.998	8.192
1.199	1.291
9.814	9.841
164.826	1168.556
216.526	1215.076
319.682	1.493
458.146	222.277
45.359	25.935
220.19	52.386
1725.674	178.158
466.094	77.401
24.75	207.824
8.52	9.149
104.649	77.505
174.221	4200.781
63.558	45.458
43.734	0.521
45.641	3375.899
2358.723	95.498
164.58	741.916
514.403	420.921
80.644	49.324
163.542	85.052
17.487	12.202
60.296	298.556
216.845	390.304
135.796	340.123
493.526	409.023
50.263	53.345
44.423	50.466
290.974	238.368
357.458	341.032
227.447	259.486
102.133	137.687
473.875	212.113
1686.459	2229.708
354.582	361.516
2063.367	848.838
362.237	372.076
266.987	257.71
423.532	396.679
357.711	321.033
2262.44	2061.843
195.45	36.148
45.967	336.169
157.859	177.989
97.561	143.886
27.437	92.475
612.018	1065.5
156.089	43.609
139.184	397.234
87.671	675.626
138.766	260.442
490.181	362.119
15.143	15.834
31.739	102.355
400.749	565.264
48.093	182.364
1588.922	2504.117
1491.413	84.114
81.387	9.231
9.826	17.878
146.609	29.35
200.378	52.349
3259.476	3093.915
1714.962	1264.208
8.798	139.743
1404.739	1493.531
678.356	1506.162
178.091	300.448
487.285	496.46
418.594	1067.449
202.219	717.845
2032.124	2212.583
601.23	237.918
271.274	826.793
2652.879	924.527
1254.073	2869.997
431.299	369.999
848.806	2709.924
599.57	239.374
690.49	602.42
1765.648	755.241
4486.69	2578.154
2827.961	3806.073
5.877	3.876
24.64	613.955
1231.149	1239.811
2951.696	2714.346
1580.276	1813.711
12.016	11.193
1844.593	1754.04
1904.929	209.587
290.864	385.053
50.802	205.441
246.509	249.909
226.54	0.375
2553.236	1727.835
192.687	190.062
289.06	386.25
270.558	1938.799
1851.959	312.752
391.563	280.563
51.257	2116.131
214.332	247.104
197.5	209.2
526.7	562.007
230.415	254.377
2121.374	358.598
65.196	76.998
128.12	70.141
552.892	1449.999
1.183	1.121
61.062	36.227
288.254	323.145
3010.906	2745.27
6.721	6.713
4418.877	3369.431
50.288	49.019
4.477	14.309
1.224	1.245
3959.473	4725.629
2.439	22.65
69.576	361.369
48.879	296.757
1115.609	400.316
14.804	41.669
517.078	493.102
3722.452	2912.13
4109.684	542.334
1860.796	2397.474
376.981	520.322
518.016	640.117
3671.984	4084.599
219.21	13.925
41.015	332.734
51.389	292.629
2823.876	861.109
1110.738	3076.233
582.948	57.519
1028.591	3863.37
2518.578	967.275
3067.553	939.774
200.545	359.666
13.111	245.504
2175.837	3906.67
577.978	436.986
14.754	11.835
2421.027	2641.805
1485.745	1975.519
1386.875	1600.271
72.155	68.967
1742.258	1717.954
85.575	314.121
529.47	423.784
2728.064	2875.048
4027.925	4219.983
1.451	1.564
56.118	71.1
1179.783	1180.029
1121.524	1146.775
120.194	3.379
1099.262	1036.461
2036.229	2473.004
1064.094	1189.841
2394.006	806.826
387.02	3043.096
102.303	108.58
1846.917	1791.338
3693.531	4149.362
3765.316	4285.475
299.965	337.661
343.129	129.785
790.013	664.521
34.292	28.988
212.557	305.807
80.057	85.171
1099.462	1084.396
1590.77	1631.039
1409.524	1478.695
166.173	38.961
2246.264	493.092
458.851	273.359
1451.644	1533.344
3949.563	3567.441
651.862	558.665
977.792	989.808
2112.12	1824.733
218.101	240.737
520.415	1689.01
440.567	413.575
1392.926	1743.847
967.822	22.206
343.786	37.786
1030.222	1166.754
48.02	49.756
853.061	2423.831
3678.712	3235.184
567.291	528.773
2162.639	2017.724
390.813	318.714
2273.336	2027.052
483.14	518.682
166.429	147.842
158.993	160.592
20.297	158.246
48.085	42.331
334.896	291.427
1119.842	1174.612
149.317	195.087
3078.602	2697.261
74.011	100.886
1648.83	1618.037
1878.922	1887.054
814.171	830.123
305.228	393.709
816.798	2754.465
1774.319	1872.936
1447.5	1328.15
1756.935	693.055
148.09	2580.532
242.923	248.896
30.741	32.702
473.945	516.577
664.528	733.186
203.034	211.385
3276.175	733.687
337.219	347.009
215.588	156.948
495.267	378.705
1675.993	1669.836
1147.483	1613.346
352.337	348.212
36.646	8.9
130.609	169.943
494.007	533.715
1262.204	1234.888
3302.676	372.999
2376.202	2441.716
1876.004	1812.804
696.225	568.236
1166.97	1104.87
72.916	74.554
34.594	558.829
1587.319	1235.862
2611.571	2884.508
111.635	95.887
100.49	105.887
79.096	483.27
451.186	534.309
1062.483	1386.839
1144.654	1546.74
69.16	1438.348
333.102	639.82
11.652	13.63
407.362	2633.701
582.274	542.24
99.584	152.445
1861.549	867.509
4462.247	2303.999
3078.303	3532.304